сітка:
[-1.         -0.96153846 -0.92307692 -0.88461538 -0.84615385 -0.80769231
 -0.76923077 -0.73076923 -0.69230769 -0.65384615 -0.61538462 -0.57692308
 -0.53846154 -0.5        -0.46153846 -0.42307692 -0.38461538 -0.34615385
 -0.30769231 -0.26923077 -0.23076923 -0.19230769 -0.15384615 -0.11538462
 -0.07692308 -0.03846154  0.          0.03846154  0.07692308  0.11538462
  0.15384615  0.19230769  0.23076923  0.26923077  0.30769231  0.34615385
  0.38461538  0.42307692  0.46153846  0.5         0.53846154  0.57692308
  0.61538462  0.65384615  0.69230769  0.73076923  0.76923077  0.80769231
  0.84615385  0.88461538  0.92307692  0.96153846  1.        ]

значення з похибкою:
[3.67889340e-01 3.53464581e-01 3.38475324e-01 3.22902736e-01
 3.06730456e-01 2.89945850e-01 2.72541692e-01 2.54518397e-01
 2.35886982e-01 2.16672977e-01 1.96921574e-01 1.76704344e-01
 1.56127944e-01 1.35345182e-01 1.14568743e-01 9.40873991e-02
 7.42834769e-02 5.56478969e-02 3.87841065e-02 2.43827427e-02
 1.31336274e-02 5.52646306e-03 1.51333783e-03 1.82130898e-04
 1.21589712e-05 9.89864688e-06 9.89864177e-06 9.89864688e-06
 1.21589712e-05 1.82130898e-04 1.51333783e-03 5.52646306e-03
 1.31336274e-02 2.43827427e-02 3.87841065e-02 5.56478969e-02
 7.42834769e-02 9.40873991e-02 1.14568743e-01 1.35345182e-01
 1.56127944e-01 1.76704344e-01 1.96921574e-01 2.16672977e-01
 2.35886982e-01 2.54518397e-01 2.72541692e-01 2.89945850e-01
 3.06730456e-01 3.22902736e-01 3.38475324e-01 3.53464581e-01
 3.67889340e-01]

phi(3, x):
[0.41668934 0.38622779 0.35696081 0.3288884  0.30201056 0.27632729
 0.25183859 0.22854446 0.2064449  0.18553991 0.1658295  0.14731365
 0.12999238 0.11386567 0.09893354 0.08519597 0.07265298 0.06130456
 0.05115071 0.04219143 0.03442672 0.02785658 0.02248101 0.01830002
 0.01531359 0.01352173 0.01292445 0.01352173 0.01531359 0.01830002
 0.02248101 0.02785658 0.03442672 0.04219143 0.05115071 0.06130456
 0.07265298 0.08519597 0.09893354 0.11386567 0.12999238 0.14731365
 0.1658295  0.18553991 0.2064449  0.22854446 0.25183859 0.27632729
 0.30201056 0.3288884  0.35696081 0.38622779 0.41668934]

phi(4, x):
[0.41668934 0.38622779 0.35696081 0.3288884  0.30201056 0.27632729
 0.25183859 0.22854446 0.2064449  0.18553991 0.1658295  0.14731365
 0.12999238 0.11386567 0.09893354 0.08519597 0.07265298 0.06130456
 0.05115071 0.04219143 0.03442672 0.02785658 0.02248101 0.01830002
 0.01531359 0.01352173 0.01292445 0.01352173 0.01531359 0.01830002
 0.02248101 0.02785658 0.03442672 0.04219143 0.05115071 0.06130456
 0.07265298 0.08519597 0.09893354 0.11386567 0.12999238 0.14731365
 0.1658295  0.18553991 0.2064449  0.22854446 0.25183859 0.27632729
 0.30201056 0.3288884  0.35696081 0.38622779 0.41668934]

phi(5, x):
[1.14334018e+189 1.03271359e+189 9.32168406e+188 8.41015457e+188
 7.58593699e+188 6.84270216e+188 6.17440226e+188 5.57527072e+188
 5.03982229e+188 4.56285301e+188 4.13944021e+188 3.76494253e+188
 3.43499989e+188 3.14553351e+188 2.89274590e+188 2.67312088e+188
 2.48342355e+188 2.32070031e+188 2.18227886e+188 2.06576819e+188
 1.96905859e+188 1.89032163e+188 1.82801020e+188 1.78085846e+188
 1.74788189e+188 1.72837724e+188 1.72192257e+188 1.72837724e+188
 1.74788189e+188 1.78085846e+188 1.82801020e+188 1.89032163e+188
 1.96905859e+188 2.06576819e+188 2.18227886e+188 2.32070031e+188
 2.48342355e+188 2.67312088e+188 2.89274590e+188 3.14553351e+188
 3.43499989e+188 3.76494253e+188 4.13944021e+188 4.56285301e+188
 5.03982229e+188 5.57527072e+188 6.17440226e+188 6.84270216e+188
 7.58593699e+188 8.41015457e+188 9.32168406e+188 1.03271359e+189
 1.14334018e+189]

phi(6, x):
[-1.61999067e+243 -1.42180101e+243 -1.24626847e+243 -1.09115258e+243
 -9.54376228e+242 -8.34018865e+242 -7.28309708e+242 -6.35620916e+242
 -5.54460795e+242 -4.83466982e+242 -4.21399645e+242 -3.67134672e+242
 -3.19656863e+242 -2.78053127e+242 -2.41505671e+242 -2.09285196e+242
 -1.80744086e+242 -1.55309605e+242 -1.32477087e+242 -1.11803132e+242
 -9.28987932e+241 -7.54227772e+241 -5.90746314e+241 -4.35879390e+241
 -2.87235120e+241 -1.42625832e+241  5.97083793e+227  1.42625832e+241
  2.87235120e+241  4.35879390e+241  5.90746314e+241  7.54227772e+241
  9.28987932e+241  1.11803132e+242  1.32477087e+242  1.55309605e+242
  1.80744086e+242  2.09285196e+242  2.41505671e+242  2.78053127e+242
  3.19656863e+242  3.67134672e+242  4.21399645e+242  4.83466982e+242
  5.54460795e+242  6.35620916e+242  7.28309708e+242  8.34018865e+242
  9.54376228e+242  1.09115258e+243  1.24626847e+243  1.42180101e+243
  1.61999067e+243]