74 98 48 86 2 31 96 69 20 3 47 48 13 65 83 49
38 31 34 98 53 95 0 69 86 49 36 47 37 18 32 80
18 80 51 41 38 60 74 32 84 56 14 82 44 34 23 14
37 65 17 63 89 60 1 61 60 72 64 99 55 70 43 61
84 67 95 77 50 19 25 98 74 60 90 58 66 78 3 18
25 87 94 36 1 93 35 99 28 19 75 7 75 1 59 2
81 36 81 98 15 54 33 22 77 99 15 60 81 0 28 70
11 80 77 39 37 90 76 69 72 59 14 86 40 1 74 91
45 84 77 19 34 78 33 11 5 3 46 26 6 21 24 7
33 16 96 85 45 12 73 72 7 28 80 17 25 14 70 11
72 11 40 44 59 11 73 82 19 68 6 39 49 93 15 36
1 84 8 71 21 49 32 69 95 27 43 99 67 15 10 80
15 98 48 56 36 40 41 16 0 72 45 30 40 28 83 43
34 74 73 19 79 94 0 84 30 93 1 86 31 83 45 62
64 95 51 85 83 89 5 55 92 23 96 62 7 60 59 2
91 73 67 86 35 84 17 77 99 82 19 98 69 65 10 97
81 62 59 71 80 89 92 19 23 38 10 4 40 4 9 59
74 6 38 35 46 62 78 60 49 31 82 89 19 84 16 14
17 35 86 90 50 45 78 39 76 12 30 66 44 87 97 25
16 17 55 94 73 82 28 51 24 9 73 85 59 89 40 88
68 69 58 77 27 62 39 6 61 8 63 46 15 0 51 53
4 25 35 26 93 17 74 46 25 19 54 51 34 85 0 27
72 84 65 40 1 30 98 54 3 34 41 41 96 17 50 68
51 25 69 26 72 99 77 96 45 1 52 77 37 98 99 21
2 14 11 76 8 82 18 88 15 69 83 66 91 98 34 8
71 47 18 72 55 14 21 13 65 59 56 33 0 35 35 89
11 18 95 15 59 42 57 78 75 79 27 76 47 62 48 86
78 29 0 12 97 13 63 33 14 37 9 72 66 51 92 50
40 10 10 97 89 78 7 83 8 67 89 50 64 61 66 68
95 81 51 1 60 53 27 55 12 32 76 69 64 86 6 7
93 11 29 65 72 48 76 24 6 74 97 65 73 70 6 82
76 43 7 46 67 67 27 20 80 31 92 89 53 82 4 24
12 55 78 0 92 61 84 14 40 15 83 2 34 12 21 17
1 75 50 51 22 10 83 25 79 1 88 88 48 99 63 74
49 14 33 67 97 99 11 17 80 20 15 12 31 33 81 31
23 64 90 68 53 89 26 23 21 93 34 8 94 74 95 22
62 41 62 99 64 75 11 12 58 20 67 22 77 97 2 48
91 40 53 76 75 42 60 20 58 80 13 65 34 53 29 31
36 81 72 76 37 32 3 28 63 9 74 70 90 61 53 65
53 22 73 37 94 54 39 40 26 22 92 9 77 21 35 72
73 23 54 87 91 14 20 72 8 78 4 5 4 43 78 35
72 20 3 0 6 78 80 89 15 21 84 52 43 58 32 68
72 72 97 97 53 15 14 98 16 13 27 50 70 47 14 36
95 29 97 67 10 5 39 1 67 73 21 65 23 60 11 80
19 81 34 53 74 96 61 55 60 18 3 44 24 6 91 85
88 3 64 52 26 20 23 42 94 91 79 21 55 52 62 14
79 77 39 28 65 45 22 46 87 64 51 42 25 53 45 96
65 41 80 91 35 42 43 96 43 42 21 53 48 19 13 25
33 91 31 26 52 39 10 97 45 74 40 2 89 72 28 77
55 45 23 95 50 38 88 51 16 17 50 85 80 83 12 99
27 43 6 79 67 53 13 92 5 0 63 32 0 54 64 62
57 30 10 1 54 37 21 63 27 92 43 80 57 81 83 8
45 88 79 31 89 34 36 90 94 65 19 3 33 55 83 10
34 84 11 75 60 28 97 35 19 96 82 50 43 9 22 20
4 55 79 74 29 29 93 44 41 30 28 47 80 97 53 32
12 40 28 89 12 39 13 0 30 20 32 22 79 63 56 6
97 91 63 53 32 80 24 54 20 64 74 58 86 72 8 46
6 21 33 79 95 90 59 47 58 5 10 48 0 80 89 15
73 4 3 48 62 87 40 80 31 86 81 31 17 60 6 51
56 75 70 61 33 35 17 84 85 47 14 93 44 56 4 36
79 93 32 29 76 92 92 46 95 60 3 86 88 97 30 91
37 0 13 33 65 19 40 58 57 87 30 61 3 5 62 79
41 42 50 75 77 95 10 99 75 56 76 19 50 92 62 48
22 76 63 55 78 46 51 54 70 10 5 29 29 44 91 19
30 33 0 50 27 88 59 39 89 93 10 4 76 26 64 68
56 34 68 20 45 39 56 33 79 6 50 36 22 45 17 77
31 29 39 41 85 97 90 95 64 31 50 17 29 33 32 46
9 64 31 66 14 50 3 62 42 82 81 46 68 74 88 71
29 15 47 64 1 58 63 79 5 46 61 46 83 5 20 70
75 89 35 31 72 93 47 60 7 84 10 47 9 13 56 55
13 96 38 77 31 67 49 18 30 42 9 13 46 7 10 76
10 85 4 78 19 58 4 51 10 5 15 6 22 50 29 32
80 25 43 80 42 69 58 27 14 28 77 10 55 5 69 57
60 63 65 61 24 59 68 8 11 80 15 25 99 22 97 84
94 0 50 4 71 60 18 74 94 58 6 47 75 14 53 15
6 89 23 35 49 22 99 59 59 56 60 10 2 75 51 70
47 8 28 26 99 85 85 92 33 60 4 90 19 84 67 20
59 63 35 53 95 8 64 95 1 82 82 82 9 72 20 37
81 96 72 40 59 25 24 83 88 70 24 10 36 94 72 12
91 86 95 89 40 80 29 37 78 87 55 33 18 67 61 49
82 55 59 72 87 57 80 70 65 40 88 89 95 37 40 21
50 16 52 79 67 51 5 50 74 28 32 0 77 23 6 96
88 25 95 88 26 45 5 31 14 92 54 3 31 43 2 52
87 25 24 20 59 49 6 15 55 32 72 40 4 65 10 48
8 53 51 11 47 42 56 9 84 96 9 50 80 38 26 50
63 30 81 47 37 83 29 27 36 28 82 98 46 85 61 40
8 23 98 62 14 25 5 69 18 54 0 75 47 28 16 26
53 75 80 66 34 88 31 44 78 57 34 40 26 16 71 7
23 81 75 87 37 61 14 8 6 44 2 38 93 70 20 14
42 42 6 73 80 85 48 12 60 95 93 37 3 8 86 70
1 39 68 5 39 97 24 3 62 33 70 64 9 44 74 46
61 62 45 37 81 46 40 61 67 78 63 97 50 10 23 67
28 75 94 24 3 48 86 28 30 21 8 43 29 14 46 2
54 47 69 66 52 23 96 25 47 28 60 51 72 85 0 27
2 70 31 23 95 90 69 32 64 50 30 37 96 19 54 23
47 16 25 23 46 4 86 18 64 36 90 16 48 67 58 51
4 80 79 78 64 45 26 20 75 65 32 24 92 78 36 50
13 71 62 75 5 92 19 5 59 6 77 66 22 46 88 7
6 83 60 70 20 91 82 5 50 76 52 44 32 35 93 39
17 32 69 38 19 74 52 21 71 58 82 97 31 43 68 52
94 96 14 37 89 19 17 86 97 27 75 88 36 95 46 44
76 40 64 4 37 92 44 69 39 13 26 44 29 25 47 78
19 22 62 14 8 21 26 79 42 1 80 48 71 12 12 3
6 92 83 31 74 50 92 70 89 39 66 67 64 13 78 3
4 46 31 68 14 54 75 40 91 21 34 19 91 37 51 25
64 39 56 28 87 13 59 64 13 78 63 43 1 67 23 14
72 75 69 78 61 29 57 42 70 63 99 88 50 51 85 27
85 76 83 61 14 24 39 63 44 97 83 14 43 82 25 67
46 96 46 60 54 28 85 29 16 34 39 73 45 89 85 93
4 91 46 82 22 39 39 83 31 31 1 45 87 55 13 90
13 87 58 54 3 77 93 43 9 86 45 67 21 76 18 54
9 18 46 72 33 20 68 54 85 86 39 95 56 64 55 38
70 4 82 84 16 96 40 12 95 54 3 16 7 67 70 94
81 0 25 17 40 15 23 72 3 73 56 53 3 54 51 48
13 52 7 0 23 85 93 32 72 26 74 58 23 50 9 49
93 52 35 26 55 94 27 10 67 53 47 2 74 82 37 7
39 67 97 80 59 31 36 22 29 24 15 85 84 65 28 7
4 25 43 5 57 68 97 4 91 39 65 25 81 60 28 95
45 98 26 67 40 39 32 13 44 12 3 71 59 87 86 90
81 18 73 40 2 51 87 11 30 36 6 99 10 96 41 6
15 38 16 8 97 54 86 3 11 0 42 59 60 31 91 41
40 19 18 20 4 71 70 47 22 96 19 4 97 87 40 55
5 65 51 13 79 35 55 7 11 92 81 82 11 39 85 28
49 16 92 4 40 18 21 91 65 34 46 53 88 89 62 86
37 83 21 37 66 96 41 57 42 82 80 53 45 84 70 5
38 68 6 76 59 47 97 70 36 71 43 89 47 71 1 58
76 0 80 61 72 69 23 38 31 85 58 20 87 12 58 17
18 4 17 99 65 53 73 49 25 74 53 35 74 79 47 92
93 53 52 34 72 61 78 81 1 45 20 68 52 74 66 66
81 15 47 65 74 59 97 10 55 81 92 40 67 60 54 69
58 26 24 46 94 88 29 99 82 47 30 69 37 47 30 46
65 16 23 53 15 83 61 92 49 84 90 70 38 17 87 25
91 31 10 11 27 39 24 57 39 75 67 11 62 50 45 78
69 48 34 2 56 12 4 72 79 62 96 26 1 44 80 96
45 62 14 16 69 73 31 30 81 91 20 13 12 40 12 88
29 71 79 31 58 39 64 77 34 67 40 30 5 64 37 40
80 56 6 21 51 33 32 89 17 37 68 68 50 53 80 10
13 63 85 90 97 26 56 63 44 74 55 91 95 0 66 95
19 80 91 69 58 14 62 61 16 95 26 11 26 48 14 61
76 17 46 95 46 64 62 48 68 88 68 27 15 50 22 51
1 23 34 22 62 60 8 25 57 19 3 46 39 99 58 79
96 75 7 48 14 0 78 33 17 80 82 60 90 90 3 79
60 48 86 53 74 30 49 59 36 1 45 36 5 67 89 52
24 63 22 40 54 92 23 43 41 70 41 99 10 75 71 72
1 59 56 17 88 91 36 14 40 44 22 33 30 55 24 10
4 22 22 45 90 2 13 61 4 11 95 96 50 34 14 52
69 79 15 60 93 93 35 1 94 30 18 38 99 50 50 61
43 93 21 83 91 50 48 25 60 11 86 91 39 70 36 76
5 50 86 6 47 28 70 86 14 90 43 28 33 95 36 45
51 61 43 55 4 81 39 23 41 67 30 86 25 68 87 30
73 48 91 51 47 97 81 21 84 72 13 37 53 83 39 46
45 8 80 75 89 53 41 45 36 73 43 97 19 47 39 56
13 76 50 37 57 25 13 5 88 91 35 93 52 96 52 78
87 84 38 17 17 86 99 30 1 57 24 36 83 3 30 87
38 97 47 48 92 89 7 29 90 42 43 14 56 42 63 58
25 89 54 94 52 4 25 69 39 74 9 99 24 44 36 63
46 47 19 98 16 47 77 45 92 14 12 81 10 15 18 66
7 86 76 12 31 93 41 35 13 56 91 41 96 89 5 42
80 43 42 85 2 51 46 19 13 76 36 27 60 36 89 81
67 45 67 21 12 1 99 4 70 31 55 18 29 36 77 8
37 10 68 66 12 22 53 5 59 56 19 25 80 73 73 79
31 28 46 75 4 67 35 17 36 38 97 0 39 87 16 21
24 63 61 63 93 31 88 66 98 61 1 71 82 43 83 62
36 28 9 75 61 31 83 37 9 76 43 93 38 20 37 36
19 68 96 75 29 42 30 91 61 65 52 72 1 90 41 72
86 14 41 72 52 72 19 32 64 78 29 83 67 37 87 45
61 88 1 85 99 84 39 26 14 12 84 16 49 80 71 73
24 12 74 66 53 78 53 68 30 54 76 58 59 5 56 27
58 5 13 79 28 48 74 19 42 26 81 96 2 26 93 68
26 5 71 19 63 84 0 38 84 52 86 50 51 69 56 76
94 38 74 85 73 52 98 40 17 12 19 79 24 34 11 28
54 1 79 89 86 13 68 91 98 2 77 46 46 85 18 64
34 67 32 33 28 62 69 86 18 54 71 50 98 36 99 40
71 4 16 33 43 89 21 62 97 63 43 94 80 50 21 83
82 73 8 93 74 85 69 41 90 47 3 93 87 9 83 47
34 1 79 85 84 32 22 86 42 43 9 16 61 2 96 11
39 34 32 85 51 6 61 76 26 9 26 75 17 89 71 37
14 84 7 61 69 33 72 61 1 63 89 80 91 94 39 92
7 98 83 90 70 7 36 69 74 89 67 95 22 61 69 89
95 84 76 72 12 11 44 27 85 36 28 22 8 75 11 58
87 6 40 12 46 65 3 6 35 39 79 85 8 3 25 97
7 99 57 77 40 59 42 21 11 6 70 94 78 54 37 67
22 94 61 45 7 37 1 20 64 32 89 60 57 48 18 22
31 67 53 75 33 51 13 45 96 10 17 62 69 49 81 75
15 71 0 56 73 38 41 77 46 65 12 42 79 95 47 22
84 24 56 57 12 81 52 16 61 56 91 32 1 17 11 10
43 40 66 38 47 29 7 31 49 2 31 86 20 82 85 20
4 53 34 65 42 62 65 25 61 34 55 83 19 2 30 25
28 1 23 37 36 97 26 91 57 41 85 90 88 33 9 48
38 24 87 61 5 61 11 65 71 84 44 29 47 62 65 56
71 69 19 79 27 23 78 19 57 7 3 9 16 23 23 66
49 18 35 42 89 67 23 65 37 55 66 41 12 72 81 51
27 56 43 49 44 18 36 57 3 79 93 47 89 46 71 87
89 27 8 43 25 57 52 44 98 31 18 75 18 2 80 41
59 2 37 32 74 45 84 63 58 55 66 37 65 15 4 60
62 1 14 98 40 24 12 79 77 14 20 25 71 16 12 19
59 25 76 24 4 78 74 17 34 21 29 13 13 62 97 11
55 91 73 21 45 79 38 68 64 11 76 84 93 58 18 14
19 65 57 23 96 17 69 90 10 6 56 14 49 89 39 58
86 85 72 11 8 29 38 45 6 12 67 50 35 3 55 26
87 45 37 63 62 22 22 30 11 23 84 85 63 10 51 98
97 84 68 50 45 60 11 13 27 45 86 94 28 43 13 28
50 89 74 61 59 87 20 63 94 82 5 64 9 69 41 10
60 24 74 64 30 7 21 20 4 93 56 78 69 65 30 61
92 40 26 23 33 82 34 10 13 86 66 28 49 40 48 99
79 78 52 32 82 16 54 39 32 90 36 29 96 63 52 66
21 13 72 78 99 53 31 53 77 60 67 5 70 73 78 22
13 48 5 31 92 71 43 82 56 62 35 26 32 89 32 90
0 20 85 78 77 58 75 83 44 28 77 29 6 67 22 76
93 65 94 76 10 83 20 78 84 60 51 26 45 2 75 0
92 74 83 97 63 49 91 91 93 30 84 38 58 39 8 44
74 10 40 44 13 99 54 88 88 7 38 54 0 26 2 14
58 98 93 50 59 91 66 77 20 31 92 69 50 60 53 46
62 96 73 81 5 3 23 28 53 38 67 31 24 35 1 54
63 53 82 97 1 82 95 24 83 21 1 88 61 40 3 25
6 69 18 29 16 65 72 80 23 54 55 53 1 56 52 31
82 55 47 51 94 5 7 55 64 92 58 3 1 79 69 50
89 59 66 69 4 82 40 35 53 48 70 17 83 2 30 25
62 34 64 14 82 12 45 66 40 43 90 32 46 69 87 36
50 40 21 52 67 85 18 42 80 6 25 72 14 39 1 72
42 4 20 9 26 97 25 15 12 99 53 17 25 25 43 53
16 67 57 44 74 19 36 78 38 98 44 23 95 87 46 37
93 42 31 3 38 10 98 58 82 2 62 10 1 34 12 58
68 78 43 94 40 58 66 61 9 24 85 49 26 9 82 81
69 52 51 76 66 92 79 88 83 2 48 22 93 18 24 84
18 67 52 95 80 39 85 26 77 13 0 72 48 45 3 65
67 65 80 40 54 80 57 38 29 53 98 37 81 97 12 45
91 92 88 3 37 99 40 25 47 38 98 68 12 6 11 12
51 1 9 74 81 46 61 37 18 42 93 6 59 27 2 65
17 29 88 63 59 19 84 82 31 15 74 78 58 73 64 99
5 35 15 84 40 88 58 26 98 60 53 24 38 9 69 92
78 20 37 65 53 87 19 62 86 99 5 70 90 3 12 98
22 52 35 64 31 12 36 70 4 68 16 77 11 40 33 85
31 32 40 7 33 51 96 85 66 26 6 69 48 0 3 76
4 18 57 13 35 71 33 43 2 91 65 18 37 31 2 37
19 82 6 12 19 79 24 4 87 40 52 83 49 96 62 31
83 72 0 63 50 28 43 54 52 53 40 35 95 36 91 0
57 65 63 16 1 94 40 14 96 29 56 3 29 8 8 72
44 70 75 98 50 48 60 53 41 29 2 12 69 98 20 50
81 69 90 16 76 3 16 56 14 48 51 95 4 71 37 77
1 11 25 36 45 95 71 63 54 46 85 11 78 98 11 13
23 80 8 37 90 16 60 63 71 15 49 54 54 30 55 93
99 9 77 81 79 17 39 19 51 67 32 46 46 9 2 81
40 99 34 49 17 57 7 63 49 68 80 80 9 18 42 69
38 27 66 90 70 87 81 15 9 37 30 36 66 97 52 2
84 93 95 92 69 61 70 78 89 20 78 77 33 24 63 51
21 22 21 37 49 66 14 59 84 73 43 15 5 69 49 67
41 80 44 87 54 22 43 31 12 50 66 34 22 43 88 43
1 12 73 59 43 11 43 96 64 75 90 82 60 79 69 12
1 40 48 82 54 76 68 71 31 90 43 1 84 32 16 10
86 96 44 25 89 6 59 46 25 25 73 32 97 97 59 96
20 22 85 11 82 13 95 31 73 9 62 86 29 76 45 72
53 74 50 65 42 7 82 26 27 21 50 25 96 91 71 16
28 2 16 73 22 64 93 36 99 76 10 59 76 11 33 8
45 28 5 34 18 88 87 65 78 47 25 63 11 92 45 51
8 3 16 6 42 76 63 85 11 48 81 49 50 96 93 32
59 76 58 86 60 87 56 73 55 96 61 13 14 17 89 3
61 45 78 19 46 41 54 19 52 56 48 11 50 26 22 44
49 73 65 81 86 3 35 95 8 4 62 48 32 63 12 1
67 33 50 33 51 90 89 72 29 63 12 16 22 19 72 12
39 26 56 25 30 68 49 38 15 45 38 16 66 26 92 5
89 82 45 93 86 84 20 79 96 59 16 74 26 19 11 57
49 96 0 14 2 45 98 23 26 49 55 17 85 41 37 69
41 59 87 84 44 45 82 38 70 19 19 36 25 26 6 83
60 40 21 90 36 15 76 84 84 38 4 10 64 70 48 38
56 87 71 6 53 59 21 86 46 79 28 89 18 78 67 70
77 56 70 35 39 24 1 33 99 30 93 47 91 89 1 19
16 66 70 56 44 47 63 11 20 9 70 87 60 12 65 37
35 90 35 54 85 50 6 87 46 40 79 53 38 9 89 51
65 51 30 59 67 78 75 89 34 66 87 59 76 54 5 55
95 91 33 29 32 39 95 66 65 13 12 62 96 11 32 67
29 6 78 97 27 7 4 5 53 81 62 37 67 54 3 17
2 31 22 9 64 44 26 23 61 71 36 24 79 99 61 26
66 3 78 84 35 4 52 58 51 78 26 83 72 35 82 75
75 87 58 56 40 66 92 89 24 6 59 71 22 96 84 51
45 53 7 91 92 32 49 59 85 77 51 43 29 23 55 34
30 78 92 42 73 3 17 44 92 86 72 87 0 76 29 15
73 13 61 4 8 35 31 18 78 79 76 6 46 54 1 83
40 52 64 42 21 79 70 11 42 95 11 92 51 29 61 13
76 48 79 41 55 46 15 48 4 55 46 28 89 57 53 23
96 7 62 49 2 40 22 70 39 3 21 23 80 38 17 66
28 15 78 4 69 6 75 9 28 94 74 70 28 11 95 96
44 71 69 50 0 35 36 5 21 71 67 26 11 65 42 62
73 80 57 76 13 29 12 42 90 53 13 67 46 51 46 64
32 75 43 71 14 25 66 48 98 54 41 30 46 34 2 13
16 77 67 13 28 65 48 94 20 70 2 28 65 29 0 80
27 12 43 98 60 66 74 44 40 91 28 51 97 80 14 62
2 83 29 12 74 16 69 41 79 64 81 18 81 33 50 97
59 10 29 14 81 14 48 30 25 3 85 26 77 83 21 71
70 68 14 13 23 72 9 46 66 84 14 4 5 37 36 3
3 68 39 43 1 50 42 55 94 13 65 49 68 63 64 27
59 54 77 45 28 1 45 82 64 19 24 49 57 46 2 12
56 57 83 38 55 15 0 89 94 26 37 46 39 10 27 94
18 90 43 58 63 38 75 53 57 59 95 27 4 60 66 56
61 95 32 60 57 91 14 90 37 3 45 7 64 34 22 33
62 49 62 48 66 22 97 77 91 11 29 23 36 34 50 95
74 45 78 33 17 7 38 2 8 25 31 63 81 18 83 71
58 41 94 35 29 6 7 18 54 48 69 52 90 10 10 50
47 6 51 71 41 55 29 70 46 80 38 17 33 67 80 14
30 36 72 40 70 66 49 7 86 8 28 74 66 45 43 21
77 96 58 29 0 44 57 8 1 95 23 45 31 47 71 15
99 77 2 5 57 64 72 2 49 71 41 37 65 91 42 65
46 58 17 11 43 6 76 49 68 1 76 41 41 18 15 35
86 80 47 71 53 97 61 9 84 11 50 19 24 58 82 64
53 27 90 42 40 45 15 66 31 75 84 29 66 71 22 10
11 62 30 28 15 94 59 43 1 70 49 4 93 66 17 12
75 36 71 98 28 98 66 21 69 62 86 74 34 37 89 24
44 42 49 80 3 86 98 55 79 49 42 17 9 4 49 66
98 90 15 56 93 80 20 17 22 98 50 75 91 42 75 53
16 8 45 11 27 87 64 50 45 42 5 44 11 89 29 40
48 71 81 76 48 81 3 76 13 65 89 76 25 77 28 92
55 31 64 89 94 5 10 58 32 67 83 6 83 34 36 55
91 99 51 95 79 84 16 53 23 51 69 78 7 42 67 56
1 62 65 25 41 75 59 81 53 87 17 60 20 8 30 46
64 64 86 85 37 98 59 22 37 43 41 42 86 40 58 70
7 52 82 84 54 11 85 44 69 68 27 7 82 15 31 72
86 10 43 29 48 35 99 59 37 12 7 66 19 23 32 61
51 40 12 61 98 17 88 80 49 74 28 56 84 18 5 87
20 39 96 87 95 58 15 36 89 1 43 9 6 75 28 97
97 94 5 21 54 12 68 63 31 56 94 85 28 72 49 23
74 3 93 91 17 74 26 1 41 88 25 55 18 44 12 80
45 54 31 83 72 1 41 80 73 79 44 66 56 97 39 4
69 20 73 75 65 58 99 94 39 93 62 50 63 11 16 86
41 4 15 96 56 8 13 91 25 75 10 67 28 14 5 94
90 94 67 55 76 63 69 29 81 12 35 10 93 1 40 81
52 47 94 54 66 7 18 60 91 25 34 38 27 3 88 16
59 68 89 95 76 23 97 46 12 96 49 99 92 93 53 62
55 28 43 73 11 90 56 14 9 8 66 61 70 1 47 17
90 40 27 38 83 5 48 99 54 52 97 66 81 15 88 98
98 30 29 72 48 0 63 54 79 76 20 13 26 12 58 28
6 79 40 50 9 35 96 16 36 66 47 45 26 86 64 98
68 49 9 45 41 69 17 12 86 59 0 28 71 8 35 28
0 59 35 87 58 9 37 15 31 60 48 43 75 20 53 49
3 84 19 88 72 47 19 78 5 10 80 60 41 86 94 29
95 61 56 87 30 64 88 22 64 54 76 41 77 52 35 33
21 89 47 65 61 13 80 35 17 95 84 73 67 30 75 26
97 68 61 65 65 26 86 83 94 64 90 2 53 15 42 18
84 92 47 62 29 59 41 18 9 61 69 90 39 77 91 1
76 36 74 46 80 70 64 77 75 94 53 47 73 0 76 49
62 24 29 84 6 55 51 30 77 57 73 93 11 0 61 1
6 83 26 62 25 40 1 66 13 88 40 13 4 99 84 84
86 53 21 27 87 81 50 25 74 97 92 46 15 96 39 71
67 30 19 88 35 35 4 27 45 70 97 18 46 93 83 52
26 39 2 92 26 71 31 25 74 11 95 45 19 6 5 9
56 13 2 96 38 56 67 97 15 32 23 43 60 6 91 56
54 67 25 64 14 78 92 42 65 92 57 42 19 97 27 56
82 74 7 44 15 96 27 60 15 77 32 40 19 0 57 66
90 51 85 15 46 86 2 35 18 95 79 59 70 48 91 25
99 73 67 22 8 7 36 69 48 48 46 66 74 96 63 58
45 63 49 2 2 49 8 67 91 64 6 39 7 27 64 46
12 73 52 6 69 2 74 34 33 54 42 75 12 34 17 9
26 93 62 52 68 12 46 36 31 5 90 64 68 46 78 61
72 78 23 27 45 81 0 57 23 87 31 7 15 13 95 17
57 70 42 63 18 57 97 7 42 24 35 95 68 10 33 86
96 3 93 34 12 73 58 34 74 17 76 10 60 58 13 26
0 44 25 7 68 95 8 75 86 47 43 24 96 95 47 99
19 54 70 6 80 54 60 12 8 34 73 26 63 2 39 59
34 49 16 35 98 38 35 46 23 34 2 6 25 61 22 78
98 90 53 54 54 22 70 43 84 93 83 87 74 95 84 69
99 62 64 69 21 31 39 56 94 72 54 39 75 11 44 66
37 57 89 93 62 99 94 63 77 34 2 67 94 69 7 95
36 4 96 99 88 66 30 18 89 63 82 46 59 99 32 88
92 24 22 31 48 53 31 75 41 59 46 97 4 99 21 2
75 18 62 55 60 17 60 70 92 77 58 44 37 51 63 2
96 99 58 86 36 22 96 15 44 69 98 6 5 91 42 84
17 35 46 33 85 76 86 58 71 11 96 9 95 12 50 42
41 89 31 32 11 96 74 38 51 79 4 6 13 97 34 3
77 13 2 41 13 50 54 11 69 93 44 54 18 72 10 48
60 30 67 23 66 9 41 95 6 96 8 53 17 20 45 30
91 57 67 26 11 27 7 93 40 62 98 58 80 3 95 36
17 95 91 15 55 27 26 72 10 31 81 76 95 24 53 83
79 80 54 42 61 79 7 14 94 50 10 39 3 70 15 33
92 95 27 4 71 1 93 57 98 74 86 90 6 65 20 41
81 68 51 19 43 44 96 43 71 97 84 22 60 77 48 19
21 72 38 24 47 40 40 60 95 7 44 41 22 38 58 31
48 77 2 26 45 49 50 51 74 22 68 34 2 55 39 52
58 0 31 63 4 30 10 82 15 3 98 82 22 48 27 60
64 7 46 46 96 78 23 65 24 34 57 58 91 44 74 78
85 53 42 61 89 0 92 52 67 94 55 30 22 63 32 14
63 96 90 40 80 42 9 33 10 18 56 16 4 16 55 82
95 91 86 36 81 41 43 71 79 80 40 55 52 27 70 11
98 19 87 51 42 21 29 75 32 58 1 97 68 16 59 36
97 95 22 57 26 5 40 99 23 74 52 88 96 79 30 79
65 76 51 43 54 56 10 68 73 80 18 54 34 73 63 97
81 28 21 67 20 48 41 65 12 50 11 68 69 68 33 21
72 35 69 66 15 37 36 26 83 37 40 10 90 23 76 82
96 5 9 65 30 32 46 80 90 19 46 98 83 88 92 23
62 14 16 64 22 50 45 17 78 37 69 37 97 99 28 3
30 16 88 68 47 20 48 63 3 59 68 9 62 55 57 1
73 46 46 46 94 91 51 58 69 61 13 66 87 42 12 38
77 69 65 16 48 83 47 22 5 78 96 58 65 45 56 50
24 25 88 28 59 26 4 28 70 73 68 49 96 98 5 43
44 43 3 84 61 7 69 56 16 39 40 67 24 70 80 68
67 72 87 3 41 62 84 76 7 35 10 80 91 95 40 38
32 9 17 52 59 68 22 35 68 43 78 42 25 95 27 73
94 72 88 18 12 1 54 38 80 35 89 76 54 9 56 13
44 40 53 25 57 33 61 10 75 27 48 14 79 16 99 53
87 73 13 11 78 81 70 23 11 27 2 20 70 85 62 2
62 92 91 4 40 93 65 49 15 97 27 43 10 62 73 31
31 18 51 46 28 71 57 32 17 11 37 75 31 98 82 13
60 66 35 83 48 87 25 52 22 8 84 41 95 70 75 34
53 1 8 62 60 1 37 17 93 84 64 76 67 21 66 23
52 0 71 39 48 81 65 35 9 5 10 60 20 16 53 37
4 54 95 4 78 20 7 77 30 25 28 16 7 87 0 76
69 25 32 19 23 39 50 71 3 14 82 59 84 13 8 33
29 65 54 59 22 41 10 3 69 91 52 14 71 53 78 11
6 37 66 31 35 32 19 64 35 40 50 59 85 11 6 35
95 7 5 18 95 5 31 89 36 35 95 99 50 18 92 41
69 78 33 12 4 56 76 1 63 60 54 24 51 36 25 80
6 26 97 2 74 54 44 24 31 9 85 65 35 66 0 55
67 96 74 29 77 96 82 89 73 14 38 60 77 24 40 40
96 40 1 29 93 60 39 60 91 21 19 88 3 59 7 98
46 26 81 25 90 96 17 90 46 48 40 86 71 83 52 66
10 50 66 23 85 83 94 68 44 12 14 26 19 17 70 19
18 64 87 99 10 80 32 31 58 28 71 30 83 10 81 99
66 6 44 23 18 63 31 11 59 72 63 46 78 21 80 11
70 57 55 54 84 43 89 90 74 75 53 30 24 69 98 26
46 25 35 85 42 84 65 6 99 60 78 15 20 45 67 79
94 40 46 98 81 45 94 77 24 2 10 69 50 25 89 27
4 51 60 84 74 44 7 97 47 52 75 32 72 58 34 89
12 58 44 26 70 77 99 6 61 61 64 23 35 80 12 21
63 26 30 36 59 80 95 15 90 31 86 90 10 92 42 55
98 32 19 61 31 43 44 22 30 62 32 33 58 41 24 50
63 1 50 71 6 98 11 99 45 18 49 44 62 24 65 71
65 75 65 35 83 81 73 76 63 53 24 95 24 75 55 26
47 53 73 99 79 7 51 57 47 2 37 30 57 88 27 51
58 75 71 95 79 82 56 12 54 93 12 0 21 22 82 22
31 44 66 73 0 23 48 37 8 36 34 27 68 95 97 57
90 11 90 35 9 74 87 73 22 58 78 4 10 35 21 4
45 72 55 96 55 23 96 3 59 27 60 76 8 16 54 84
70 52 45 63 27 2 54 90 40 15 70 33 48 59 2 96
44 36 71 27 47 3 88 90 49 62 25 20 71 39 24 10
25 38 97 59 40 29 15 12 85 11 1 79 34 47 34 25
54 89 9 44 42 48 80 34 82 34 98 47 20 36 91 73
44 94 55 30 9 56 8 72 93 62 36 81 23 30 4 95
8 63 68 22 39 15 65 70 19 63 4 32 50 0 69 20
72 68 27 68 78 57 98 14 32 69 12 63 77 86 4 79
21 22 8 44 46 83 26 93 78 80 53 71 93 47 53 93
39 55 47 17 1 37 49 20 33 0 5 62 85 3 14 30
15 39 14 70 0 93 76 63 20 79 57 33 72 29 24 31
82 0 91 41 43 92 90 91 47 39 39 72 89 50 38 47
78 9 77 99 68 67 4 41 48 86 85 99 80 61 87 52
53 35 76 35 44 0 14 94 4 97 45 89 30 21 45 30
15 77 16 11 16 44 53 22 84 76 50 84 12 89 42 35
22 42 2 37 45 33 55 77 49 92 18 77 27 9 17 38
67 91 34 92 45 73 97 2 20 34 39 43 21 63 5 10
2 39 29 31 21 37 16 5 7 69 32 33 30 42 35 81
12 81 4 94 40 20 75 88 5 5 54 97 12 62 45 87
60 98 78 34 29 15 48 92 75 81 52 85 11 68 50 19
23 85 31 35 6 72 87 73 82 4 92 19 49 67 76 76
28 87 7 95 98 11 12 5 40 34 38 61 65 34 87 71
60 52 45 35 6 22 67 13 2 39 66 27 87 26 1 54
29 1 50 67 65 10 98 67 23 58 75 92 66 69 21 54
62 58 56 50 60 8 78 70 97 23 83 63 18 99 4 72
25 10 20 31 83 60 18 71 36 48 12 35 14 68 73 48
97 44 9 37 89 55 4 42 60 27 97 31 73 79 97 79
56 51 36 14 46 92 20 95 83 55 59 94 73 85 62 74
29 6 73 91 2 6 61 1 87 16 83 96 91 31 79 78
54 8 65 75 74 50 7 56 72 56 30 3 52 85 90 0
32 24 62 70 99 79 82 38 92 39 18 27 63 22 1 29
73 73 69 6 45 92 39 90 27 4 69 54 60 59 3 0
91 43 66 26 91 52 27 39 15 61 5 79 73 51 45 61
34 68 42 63 87 57 76 10 19 15 15 54 64 87 12 92
2 38 28 41 35 63 35 67 26 52 30 80 58 39 24 54
9 73 53 77 80 19 60 52 11 20 37 12 30 90 1 18
58 20 98 0 63 37 86 84 20 43 83 45 59 66 78 81
88 82 44 41 36 97 8 20 48 14 93 89 73 36 53 49
16 18 25 55 15 45 38 97 38 87 61 33 46 39 31 33
77 57 14 46 73 14 6 97 79 53 91 72 19 89 38 10
77 29 73 54 41 54 1 20 31 0 33 45 72 11 22 22
77 60 57 27 30 79 47 30 25 24 28 6 58 50 60 14
45 59 79 29 77 7 55 85 66 69 65 17 56 64 54 11
88 65 74 7 78 4 43 39 45 16 93 66 72 97 23 13
56 63 32 1 5 48 74 2 78 14 50 57 32 88 83 56
76 55 25 11 44 69 95 69 76 15 38 51 49 7 3 8
76 66 12 51 58 22 1 85 0 96 61 71 38 82 12 85
14 91 9 11 65 20 49 84 22 25 53 19 34 23 65 64
79 88 61 41 56 6 30 88 46 81 69 38 18 68 11 26
87 95 67 85 22 16 96 93 30 18 4 39 30 45 44 96
28 52 70 73 33 23 86 56 56 99 70 36 64 50 29 58
67 20 46 50 87 49 84 5 93 34 21 26 33 37 41 79
28 4 10 25 26 96 39 80 72 34 36 22 33 30 71 83
42 93 43 6 14 19 41 28 94 22 43 87 2 39 19 34
66 56 10 38 32 88 50 87 80 61 26 2 76 30 45 3
