
# cітка
 -1.000000E+00  -9.537037E-01  -9.074074E-01  -8.611111E-01  -8.148148E-01
 -7.685185E-01  -7.222222E-01  -6.759259E-01  -6.296296E-01  -5.833333E-01
 -5.370370E-01  -4.907407E-01  -4.444444E-01  -3.981481E-01  -3.518519E-01
 -3.055556E-01  -2.592593E-01  -2.129630E-01  -1.666667E-01  -1.203704E-01
 -7.407407E-02  -2.777778E-02   1.851852E-02   6.481481E-02   1.111111E-01
  1.574074E-01   2.037037E-01   2.500000E-01   2.962963E-01   3.425926E-01
  3.888889E-01   4.351852E-01   4.814815E-01   5.277778E-01   5.740741E-01
  6.203704E-01   6.666667E-01   7.129630E-01   7.592593E-01   8.055556E-01
  8.518519E-01   8.981481E-01   9.444444E-01   9.907407E-01   1.037037E+00
  1.083333E+00   1.129630E+00   1.175926E+00   1.222222E+00   1.268519E+00
  1.314815E+00   1.361111E+00   1.407407E+00   1.453704E+00   1.500000E+00

# значення з похибкою
 -1.520912E+00  -1.494947E+00  -1.469247E+00  -1.443799E+00  -1.418589E+00
 -1.393603E+00  -1.368828E+00  -1.344250E+00  -1.319858E+00  -1.295637E+00
 -1.271574E+00  -1.247657E+00  -1.223873E+00  -1.200209E+00  -1.176652E+00
 -1.153190E+00  -1.129810E+00  -1.106500E+00  -1.083247E+00  -1.060038E+00
 -1.036862E+00  -1.013706E+00  -9.905576E-01  -9.674039E-01  -9.442328E-01
 -9.210320E-01  -8.977889E-01  -8.744912E-01  -8.511263E-01  -8.276817E-01
 -8.041449E-01  -7.805032E-01  -7.567441E-01  -7.328546E-01  -7.088221E-01
 -6.846337E-01  -6.602764E-01  -6.357371E-01  -6.110028E-01  -5.860600E-01
 -5.608956E-01  -5.354960E-01  -5.098476E-01  -4.839366E-01  -4.577491E-01
 -4.312712E-01  -4.044887E-01  -3.773871E-01  -3.499520E-01  -3.221686E-01
 -2.940221E-01  -2.654974E-01  -2.365793E-01  -2.072521E-01  -1.775002E-01

# phi(3, x)
 -1.505138E+00  -1.482682E+00  -1.460157E+00  -1.437563E+00  -1.414899E+00
 -1.392167E+00  -1.369365E+00  -1.346494E+00  -1.323555E+00  -1.300546E+00
 -1.277468E+00  -1.254320E+00  -1.231104E+00  -1.207819E+00  -1.184464E+00
 -1.161041E+00  -1.137548E+00  -1.113986E+00  -1.090355E+00  -1.066655E+00
 -1.042885E+00  -1.019047E+00  -9.951397E-01  -9.711631E-01  -9.471174E-01
 -9.230025E-01  -8.988186E-01  -8.745655E-01  -8.502433E-01  -8.258520E-01
 -8.013916E-01  -7.768621E-01  -7.522635E-01  -7.275957E-01  -7.028588E-01
 -6.780528E-01  -6.531777E-01  -6.282335E-01  -6.032201E-01  -5.781377E-01
 -5.529861E-01  -5.277654E-01  -5.024756E-01  -4.771166E-01  -4.516886E-01
 -4.261914E-01  -4.006251E-01  -3.749897E-01  -3.492852E-01  -3.235116E-01
 -2.976688E-01  -2.717570E-01  -2.457760E-01  -2.197259E-01  -1.936067E-01

# phi(4, x)
 -1.520993E+00  -1.495014E+00  -1.469298E+00  -1.443832E+00  -1.418604E+00
 -1.393601E+00  -1.368810E+00  -1.344219E+00  -1.319814E+00  -1.295583E+00
 -1.271513E+00  -1.247591E+00  -1.223804E+00  -1.200141E+00  -1.176587E+00
 -1.153130E+00  -1.129757E+00  -1.106456E+00  -1.083214E+00  -1.060017E+00
 -1.036854E+00  -1.013711E+00  -9.905757E-01  -9.674352E-01  -9.442767E-01
 -9.210875E-01  -8.978547E-01  -8.745655E-01  -8.512073E-01  -8.277671E-01
 -8.042323E-01  -7.805899E-01  -7.568274E-01  -7.329318E-01  -7.088904E-01
 -6.846903E-01  -6.603189E-01  -6.357633E-01  -6.110108E-01  -5.860485E-01
 -5.608636E-01  -5.354435E-01  -5.097753E-01  -4.838462E-01  -4.576434E-01
 -4.311542E-01  -4.043658E-01  -3.772653E-01  -3.498401E-01  -3.220772E-01
 -2.939640E-01  -2.654877E-01  -2.366354E-01  -2.073944E-01  -1.777519E-01

# phi(5, x)
 -1.520827E+00  -1.494909E+00  -1.469244E+00  -1.443820E+00  -1.418625E+00
 -1.393647E+00  -1.368875E+00  -1.344295E+00  -1.319897E+00  -1.295668E+00
 -1.271596E+00  -1.247669E+00  -1.223875E+00  -1.200201E+00  -1.176635E+00
 -1.153166E+00  -1.129780E+00  -1.106465E+00  -1.083209E+00  -1.060000E+00
 -1.036824E+00  -1.013670E+00  -9.905250E-01  -9.673761E-01  -9.442110E-01
 -9.210169E-01  -8.977811E-01  -8.744910E-01  -8.511337E-01  -8.276965E-01
 -8.041665E-01  -7.805308E-01  -7.567766E-01  -7.328908E-01  -7.088605E-01
 -6.846727E-01  -6.603143E-01  -6.357722E-01  -6.110334E-01  -5.860845E-01
 -5.609124E-01  -5.355039E-01  -5.098457E-01  -4.839244E-01  -4.577268E-01
 -4.312395E-01  -4.044489E-01  -3.773417E-01  -3.499043E-01  -3.221232E-01
 -2.939849E-01  -2.654758E-01  -2.365821E-01  -2.072902E-01  -1.775864E-01

# phi(6, x)
 -1.518717E+00  -1.494078E+00  -1.469348E+00  -1.444568E+00  -1.419775E+00
 -1.395000E+00  -1.370269E+00  -1.345608E+00  -1.321034E+00  -1.296563E+00
 -1.272208E+00  -1.247978E+00  -1.223878E+00  -1.199911E+00  -1.176077E+00
 -1.152372E+00  -1.128793E+00  -1.105331E+00  -1.081976E+00  -1.058719E+00
 -1.035544E+00  -1.012438E+00  -9.893850E-01  -9.663669E-01  -9.433657E-01
 -9.203624E-01  -8.973371E-01  -8.742697E-01  -8.511396E-01  -8.279262E-01
 -8.046089E-01  -7.811673E-01  -7.575816E-01  -7.338324E-01  -7.099012E-01
 -6.857704E-01  -6.614236E-01  -6.368457E-01  -6.120231E-01  -5.869438E-01
 -5.615978E-01  -5.359770E-01  -5.100755E-01  -4.838900E-01  -4.574196E-01
 -4.306661E-01  -4.036343E-01  -3.763323E-01  -3.487712E-01  -3.209657E-01
 -2.929342E-01  -2.646987E-01  -2.362855E-01  -2.077249E-01  -1.790516E-01
