сітка:
[-3.14159265 -3.02076217 -2.89993168 -2.77910119 -2.65827071 -2.53744022
 -2.41660973 -2.29577925 -2.17494876 -2.05411827 -1.93328779 -1.8124573
 -1.69162681 -1.57079633 -1.44996584 -1.32913535 -1.20830487 -1.08747438
 -0.96664389 -0.84581341 -0.72498292 -0.60415243 -0.48332195 -0.36249146
 -0.24166097 -0.12083049  0.          0.12083049  0.24166097  0.36249146
  0.48332195  0.60415243  0.72498292  0.84581341  0.96664389  1.08747438
  1.20830487  1.32913535  1.44996584  1.57079633  1.69162681  1.8124573
  1.93328779  2.05411827  2.17494876  2.29577925  2.41660973  2.53744022
  2.65827071  2.77910119  2.89993168  3.02076217  3.14159265]

значення з похибкою:
[-2.85256543e+00 -2.72241367e+00 -2.59174144e+00 -2.46051953e+00
 -2.32872051e+00 -2.19632063e+00 -2.06330261e+00 -1.92965969e+00
 -1.79540145e+00 -1.66056219e+00 -1.52521295e+00 -1.38947851e+00
 -1.25356151e+00 -1.11777624e+00 -9.82595160e-01 -8.48711806e-01
 -7.17122418e-01 -5.89225542e-01 -4.66929745e-01 -3.52741101e-01
 -2.49769586e-01 -1.61548232e-01 -9.15222943e-02 -4.20977806e-02
 -1.33325455e-02 -1.73700119e-03  1.73908106e-06  1.74047935e-03
  1.33360237e-02  4.21012588e-02  9.15257724e-02  1.61551710e-01
  2.49773065e-01  3.52744580e-01  4.66933223e-01  5.89229021e-01
  7.17125896e-01  8.48715284e-01  9.82598638e-01  1.11777972e+00
  1.25356499e+00  1.38948198e+00  1.52521643e+00  1.66056567e+00
  1.79540492e+00  1.92966317e+00  2.06330609e+00  2.19632411e+00
  2.32872399e+00  2.46052301e+00  2.59174492e+00  2.72241715e+00
  2.85256891e+00]

phi(3, x):
[-2.58620532e+00 -2.48673605e+00 -2.38726676e+00 -2.28779746e+00
 -2.18832813e+00 -2.08885879e+00 -1.98938942e+00 -1.88992004e+00
 -1.79045064e+00 -1.69098122e+00 -1.59151179e+00 -1.49204233e+00
 -1.39257286e+00 -1.29310336e+00 -1.19363385e+00 -1.09416432e+00
 -9.94694772e-01 -8.95225204e-01 -7.95755618e-01 -6.96286014e-01
 -5.96816391e-01 -4.97346749e-01 -3.97877089e-01 -2.98407410e-01
 -1.98937712e-01 -9.94679957e-02  1.73908106e-06  9.94714925e-02
  1.98941264e-01  2.98411055e-01  3.97880864e-01  4.97350692e-01
  5.96820538e-01  6.96290403e-01  7.95760287e-01  8.95230189e-01
  9.94700110e-01  1.09417005e+00  1.19364001e+00  1.29310998e+00
  1.39257998e+00  1.49204999e+00  1.59152003e+00  1.69099008e+00
  1.79046015e+00  1.88993023e+00  1.98940034e+00  2.08887047e+00
  2.18834061e+00  2.28781077e+00  2.38728095e+00  2.48675115e+00
  2.58622137e+00]

phi(4, x):
[-2.55909449e+01 -2.29378658e+01 -2.04811175e+01 -1.82128468e+01
 -1.61252004e+01 -1.42103252e+01 -1.24603679e+01 -1.08674752e+01
 -9.42379392e+00 -8.12147085e+00 -6.95265274e+00 -5.90948636e+00
 -4.98411846e+00 -4.16869581e+00 -3.45536519e+00 -2.83627336e+00
 -2.30356708e+00 -1.84939311e+00 -1.46589824e+00 -1.14522921e+00
 -8.79532808e-01 -6.60955787e-01 -4.81644916e-01 -3.33746962e-01
 -2.09408690e-01 -1.00776868e-01  1.73908106e-06  1.00780365e-01
  2.09412243e-01  3.33750607e-01  4.81648692e-01  6.60959730e-01
  8.79536956e-01  1.14523360e+00  1.46590291e+00  1.84939810e+00
  2.30357241e+00  2.83627909e+00  3.45537135e+00  4.16870244e+00
  4.98412558e+00  5.90949402e+00  6.95266098e+00  8.12147971e+00
  9.42380342e+00  1.08674854e+01  1.24603788e+01  1.42103369e+01
  1.61252129e+01  1.82128601e+01  2.04811317e+01  2.29378809e+01
  2.55909610e+01]

phi(5, x):
[-2.55909470e+01 -2.29378675e+01 -2.04811190e+01 -1.82128480e+01
 -1.61252015e+01 -1.42103261e+01 -1.24603686e+01 -1.08674758e+01
 -9.42379439e+00 -8.12147123e+00 -6.95265304e+00 -5.90948658e+00
 -4.98411863e+00 -4.16869594e+00 -3.45536528e+00 -2.83627342e+00
 -2.30356712e+00 -1.84939314e+00 -1.46589826e+00 -1.14522922e+00
 -8.79532814e-01 -6.60955790e-01 -4.81644917e-01 -3.33746962e-01
 -2.09408690e-01 -1.00776868e-01  1.73908106e-06  1.00780365e-01
  2.09412243e-01  3.33750607e-01  4.81648691e-01  6.60959727e-01
  8.79536950e-01  1.14523359e+00  1.46590289e+00  1.84939807e+00
  2.30357237e+00  2.83627902e+00  3.45537126e+00  4.16870231e+00
  4.98412541e+00  5.90949379e+00  6.95266069e+00  8.12147933e+00
  9.42380296e+00  1.08674848e+01  1.24603781e+01  1.42103360e+01
  1.61252119e+01  1.82128589e+01  2.04811302e+01  2.29378792e+01
  2.55909590e+01]

phi(6, x):
[-2.48722080e+01 -2.23471165e+01 -1.99994367e+01 -1.78234949e+01
 -1.58134433e+01 -1.39632669e+01 -1.22667913e+01 -1.07176893e+01
 -9.30948892e+00 -8.03557995e+00 -6.88922162e+00 -5.86354978e+00
 -4.95158409e+00 -4.14623535e+00 -3.44031271e+00 -2.82653098e+00
 -2.29751783e+00 -1.84582110e+00 -1.46391602e+00 -1.14421252e+00
 -8.79062421e-01 -6.60766749e-01 -4.81582972e-01 -3.33732262e-01
 -2.09406755e-01 -1.00776808e-01  1.73908106e-06  1.00780304e-01
  2.09410307e-01  3.33735907e-01  4.81586746e-01  6.60770687e-01
  8.79066558e-01  1.14421689e+00  1.46392066e+00  1.84582602e+00
  2.29752308e+00  2.82653658e+00  3.44031869e+00  4.14624172e+00
  4.95159087e+00  5.86355699e+00  6.88922928e+00  8.03558806e+00
  9.30949749e+00  1.07176984e+01  1.22668008e+01  1.39632769e+01
  1.58134537e+01  1.78235057e+01  1.99994479e+01  2.23471281e+01
  2.48722200e+01]