сітка:
[0.         0.03921569 0.07843137 0.11764706 0.15686275 0.19607843
 0.23529412 0.2745098  0.31372549 0.35294118 0.39215686 0.43137255
 0.47058824 0.50980392 0.54901961 0.58823529 0.62745098 0.66666667
 0.70588235 0.74509804 0.78431373 0.82352941 0.8627451  0.90196078
 0.94117647 0.98039216 1.01960784 1.05882353 1.09803922 1.1372549
 1.17647059 1.21568627 1.25490196 1.29411765 1.33333333 1.37254902
 1.41176471 1.45098039 1.49019608 1.52941176 1.56862745 1.60784314
 1.64705882 1.68627451 1.7254902  1.76470588 1.80392157 1.84313725
 1.88235294 1.92156863 1.96078431 2.        ]

значення з похибкою:
[0.79322404 0.81245244 0.83094199 0.84872255 0.86582349 0.88227362
 0.89810098 0.91333278 0.92799533 0.94211399 0.95571315 0.9688162
 0.98144555 0.99362259 1.00536779 1.01670064 1.02763972 1.0382027
 1.04840643 1.0582669  1.06779932 1.07701815 1.08593712 1.09456926
 1.10292699 1.11102205 1.11886563 1.12646834 1.13384028 1.14099103
 1.14792969 1.15466493 1.16120498 1.16755766 1.17373042 1.17973035
 1.18556418 1.19123836 1.19675898 1.20213187 1.20736259 1.21245643
 1.21741845 1.22225345 1.22696604 1.2315606  1.23604133 1.24041223
 1.24467713 1.24883969 1.25290342 1.25687165]

phi(3, x):
[0.80763881 0.8230734  0.83823484 0.85312313 0.86773827 0.88208026
 0.8961491  0.90994479 0.92346734 0.93671673 0.94969297 0.96239606
 0.97482601 0.9869828  0.99886644 1.01047694 1.02181428 1.03287848
 1.04366952 1.05418741 1.06443216 1.07440376 1.0841022  1.0935275
 1.10267964 1.11155864 1.12016449 1.12849718 1.13655673 1.14434313
 1.15185638 1.15909648 1.16606342 1.17275722 1.17917787 1.18532537
 1.19119972 1.19680092 1.20212897 1.20718387 1.21196562 1.21647423
 1.22070968 1.22467198 1.22836113 1.23177713 1.23491999 1.23778969
 1.24038624 1.24270964 1.2447599  1.246537  ]

phi(4, x):
[0.79550316 0.8137932  0.83152454 0.84870884 0.86535776 0.88148295
 0.89709606 0.91220875 0.92683268 0.9409795  0.95466086 0.96788843
 0.98067384 0.99302877 1.00496486 1.01649377 1.02762715 1.03837667
 1.04875396 1.0587707  1.06843853 1.0777691  1.08677408 1.09546512
 1.10385387 1.11195199 1.11977114 1.12732296 1.13461911 1.14167125
 1.14849103 1.15509011 1.16148014 1.16767278 1.17367968 1.1795125
 1.18518289 1.1907025  1.196083   1.20133604 1.20647326 1.21150633
 1.2164469  1.22130663 1.22609717 1.23083017 1.2355173  1.2401702
 1.24480053 1.24941994 1.2540401  1.25867265]

phi(5, x):
[0.79346942 0.812557   0.83094233 0.84865073 0.86570697 0.88213523
 0.89795912 0.9132017  0.92788545 0.94203226 0.9556635  0.96879991
 0.98146171 0.99366852 1.0054394  1.01679285 1.02774679 1.03831856
 1.04852495 1.05838218 1.06790588 1.07711113 1.08601243 1.09462371
 1.10295834 1.11102912 1.11884826 1.12642742 1.1337777  1.14090959
 1.14783305 1.15455746 1.16109162 1.16744377 1.17362157 1.17963213
 1.18548197 1.19117704 1.19672275 1.2021239  1.20738474 1.21250896
 1.21749966 1.22235939 1.22709012 1.23169323 1.23616958 1.24051941
 1.24474242 1.24883773 1.2528039  1.2566389 ]

phi(6, x):
[0.79322398 0.81245594 0.83094522 0.84872375 0.86582226 0.88227035
 0.89809643 0.91332786 0.92799087 0.94211066 0.95571138 0.9688162
 0.98144729 0.99362589 1.00537228 1.01670589 1.02764523 1.038208
 1.04841106 1.05827048 1.06780157 1.07701888 1.08593628 1.09456691
 1.10292329 1.11101727 1.11886011 1.12646248 1.13383449 1.14098574
 1.1479253  1.15466178 1.16120332 1.16755766 1.17373213 1.17973368
 1.18556893 1.19124416 1.19676538 1.20213831 1.20736845 1.21246108
 1.21742127 1.22225397 1.22696396 1.23155592 1.23603446 1.24040412
 1.24466941 1.24883485 1.25290496 1.25688434]