
# cітка
 -5.000000E-01  -4.745763E-01  -4.491525E-01  -4.237288E-01  -3.983051E-01
 -3.728814E-01  -3.474576E-01  -3.220339E-01  -2.966102E-01  -2.711864E-01
 -2.457627E-01  -2.203390E-01  -1.949153E-01  -1.694915E-01  -1.440678E-01
 -1.186441E-01  -9.322034E-02  -6.779661E-02  -4.237288E-02  -1.694915E-02
  8.474576E-03   3.389831E-02   5.932203E-02   8.474576E-02   1.101695E-01
  1.355932E-01   1.610169E-01   1.864407E-01   2.118644E-01   2.372881E-01
  2.627119E-01   2.881356E-01   3.135593E-01   3.389831E-01   3.644068E-01
  3.898305E-01   4.152542E-01   4.406780E-01   4.661017E-01   4.915254E-01
  5.169492E-01   5.423729E-01   5.677966E-01   5.932203E-01   6.186441E-01
  6.440678E-01   6.694915E-01   6.949153E-01   7.203390E-01   7.457627E-01
  7.711864E-01   7.966102E-01   8.220339E-01   8.474576E-01   8.728814E-01
  8.983051E-01   9.237288E-01   9.491525E-01   9.745763E-01   1.000000E+00

# значення з похибкою
 -6.931470E-01  -6.435501E-01  -5.962972E-01  -5.511768E-01  -5.080046E-01
 -4.666194E-01  -4.268791E-01  -3.886579E-01  -3.518439E-01  -3.163372E-01
 -2.820481E-01  -2.488959E-01  -2.168076E-01  -1.857170E-01  -1.555640E-01
 -1.262936E-01  -9.785566E-02  -7.020412E-02  -4.329667E-02  -1.709430E-02
  8.439003E-03   3.333655E-02   5.762925E-02   8.134577E-02   1.045128E-01
  1.271553E-01   1.492964E-01   1.709579E-01   1.921601E-01   2.129221E-01
  2.332618E-01   2.531960E-01   2.727406E-01   2.919105E-01   3.107199E-01
  3.291819E-01   3.473093E-01   3.651139E-01   3.826071E-01   3.997995E-01
  4.167013E-01   4.333222E-01   4.496713E-01   4.657575E-01   4.815889E-01
  4.971737E-01   5.125192E-01   5.276329E-01   5.425215E-01   5.571917E-01
  5.716498E-01   5.859018E-01   5.999535E-01   6.138106E-01   6.274782E-01
  6.409616E-01   6.542655E-01   6.673948E-01   6.803540E-01   6.931473E-01

# phi(3, x)
 -6.429936E-01  -6.064043E-01  -5.703126E-01  -5.347184E-01  -4.996219E-01
 -4.650229E-01  -4.309215E-01  -3.973176E-01  -3.642114E-01  -3.316027E-01
 -2.994916E-01  -2.678781E-01  -2.367622E-01  -2.061438E-01  -1.760231E-01
 -1.463999E-01  -1.172743E-01  -8.864622E-02  -6.051576E-02  -3.288287E-02
 -5.747568E-03   2.089016E-02   4.703031E-02   7.267287E-02   9.781786E-02
  1.224653E-01   1.466151E-01   1.702674E-01   1.934220E-01   2.160791E-01
  2.382387E-01   2.599006E-01   2.810650E-01   3.017317E-01   3.219010E-01
  3.415726E-01   3.607466E-01   3.794231E-01   3.976020E-01   4.152833E-01
  4.324670E-01   4.491532E-01   4.653418E-01   4.810328E-01   4.962262E-01
  5.109220E-01   5.251203E-01   5.388210E-01   5.520241E-01   5.647296E-01
  5.769376E-01   5.886479E-01   5.998607E-01   6.105759E-01   6.207936E-01
  6.305136E-01   6.397361E-01   6.484610E-01   6.566883E-01   6.644181E-01

# phi(4, x)
 -6.790280E-01  -6.351041E-01  -5.923103E-01  -5.506246E-01  -5.100246E-01
 -4.704882E-01  -4.319931E-01  -3.945172E-01  -3.580383E-01  -3.225342E-01
 -2.879826E-01  -2.543614E-01  -2.216483E-01  -1.898211E-01  -1.588577E-01
 -1.287358E-01  -9.943328E-02  -7.092785E-02  -4.319733E-02  -1.621953E-02
  1.002776E-02   3.556675E-02   6.041964E-02   8.460863E-02   1.081559E-01
  1.310838E-01   1.534143E-01   1.751697E-01   1.963723E-01   2.170443E-01
  2.372077E-01   2.568849E-01   2.760981E-01   2.948694E-01   3.132210E-01
  3.311752E-01   3.487542E-01   3.659801E-01   3.828753E-01   3.994618E-01
  4.157619E-01   4.317977E-01   4.475916E-01   4.631657E-01   4.785421E-01
  4.937432E-01   5.087911E-01   5.237080E-01   5.385161E-01   5.532377E-01
  5.678948E-01   5.825098E-01   5.971049E-01   6.117022E-01   6.263239E-01
  6.409923E-01   6.557296E-01   6.705579E-01   6.854995E-01   7.005765E-01

# phi(5, x)
 -6.815940E-01  -6.367092E-01  -5.931149E-01  -5.507750E-01  -5.096540E-01
 -4.697170E-01  -4.309294E-01  -3.932572E-01  -3.566671E-01  -3.211259E-01
 -2.866014E-01  -2.530615E-01  -2.204749E-01  -1.888107E-01  -1.580385E-01
 -1.281284E-01  -9.905100E-02  -7.077756E-02  -4.327972E-02  -1.652965E-02
  9.499954E-03   3.483587E-02   5.950439E-02   8.353125E-02   1.069417E-01
  1.297605E-01   1.520119E-01   1.737196E-01   1.949067E-01   2.155959E-01
  2.358095E-01   2.555691E-01   2.748957E-01   2.938101E-01   3.123324E-01
  3.304821E-01   3.482784E-01   3.657398E-01   3.828843E-01   3.997296E-01
  4.162927E-01   4.325900E-01   4.486377E-01   4.644511E-01   4.800453E-01
  4.954347E-01   5.106333E-01   5.256546E-01   5.405114E-01   5.552161E-01
  5.697808E-01   5.842167E-01   5.985347E-01   6.127452E-01   6.268581E-01
  6.408826E-01   6.548276E-01   6.687014E-01   6.825118E-01   6.962661E-01

# phi(6, x)
 -6.821517E-01  -6.366920E-01  -5.926962E-01  -5.501012E-01  -5.088469E-01
 -4.688758E-01  -4.301333E-01  -3.925669E-01  -3.561268E-01  -3.207656E-01
 -2.864381E-01  -2.531013E-01  -2.207143E-01  -1.892382E-01  -1.586361E-01
 -1.288730E-01  -9.991557E-02  -7.173216E-02  -4.429278E-02  -1.756892E-02
  8.466490E-03   3.383919E-02   5.857366E-02   8.269321E-02   1.062200E-01
  1.291754E-01   1.515795E-01   1.734520E-01   1.948114E-01   2.156759E-01
  2.360630E-01   2.559897E-01   2.754725E-01   2.945277E-01   3.131715E-01
  3.314196E-01   3.492879E-01   3.667922E-01   3.839486E-01   4.007732E-01
  4.172823E-01   4.334929E-01   4.494220E-01   4.650876E-01   4.805080E-01
  4.957022E-01   5.106903E-01   5.254928E-01   5.401317E-01   5.546295E-01
  5.690103E-01   5.832990E-01   5.975222E-01   6.117077E-01   6.258846E-01
  6.400838E-01   6.543378E-01   6.686808E-01   6.831487E-01   6.977795E-01
