80 78 4 65 0 16 3 55 19 56 52 77 64 57 23 98
14 75 85 17 33 86 32 26 56 65 66 48 46 55 17 73
10 31 24 68 50 72 69 36 75 70 91 64 62 75 99 72
84 0 2 65 6 90 2 34 42 73 93 54 49 88 94 1
65 22 70 80 97 37 77 5 42 49 98 12 4 59 0 53
53 73 42 83 7 42 47 21 6 97 54 24 25 29 30 7
13 27 99 64 6 45 21 52 79 18 22 0 43 99 33 76
8 41 0 9 14 69 98 83 88 89 93 99 94 75 8 42
45 49 84 94 15 8 68 81 45 25 10 43 96 27 63 74
86 38 25 27 51 72 79 59 42 96 8 89 92 49 69 19
14 26 24 9 75 69 14 10 61 86 35 14 95 16 41 17
26 62 66 14 24 73 2 58 81 33 74 23 70 57 2 24
71 66 44 52 47 48 59 76 94 88 94 28 42 24 67 51
83 2 89 73 74 96 80 7 8 49 73 51 91 53 56 80
26 22 47 48 78 8 63 54 31 20 29 91 99 49 21 10
59 17 57 18 8 26 3 20 0 99 32 43 97 19 86 90
10 35 48 86 73 85 0 23 30 33 4 87 5 7 82 10
28 80 17 11 50 52 71 38 6 41 39 57 36 0 65 24
91 89 76 39 87 64 33 95 91 54 50 27 0 89 93 76
92 89 96 72 5 73 65 53 56 92 56 98 50 52 55 9
18 31 60 68 50 54 79 39 1 50 45 67 17 1 14 52
94 43 62 89 28 33 51 90 70 39 81 59 86 8 70 50
36 68 75 98 41 99 96 29 80 13 41 34 95 69 12 10
80 55 91 54 78 91 55 24 19 46 83 88 47 46 65 98
85 27 52 70 34 13 47 86 84 14 7 51 82 21 33 23
25 89 11 30 65 31 64 47 82 46 76 84 25 4 37 7
7 95 61 87 76 90 99 18 19 43 18 39 54 37 34 97
52 53 27 17 33 99 76 44 98 29 4 0 9 85 42 17
43 37 46 61 12 86 17 97 90 22 40 14 29 9 35 71
44 51 48 95 36 33 36 62 70 80 75 91 64 72 88 47
67 7 8 25 76 53 43 45 0 89 51 43 21 63 29 6
3 92 74 49 74 65 61 47 21 15 75 64 1 16 88 64
28 59 10 63 3 25 31 93 67 42 97 59 97 27 17 97
91 19 26 77 31 78 88 10 34 39 99 45 18 98 27 84
27 67 46 65 91 27 79 78 61 93 45 13 83 43 91 94
8 79 81 81 64 87 63 4 80 40 86 35 50 48 22 28
67 69 95 19 3 31 60 20 68 54 3 6 26 66 75 29
13 54 39 56 22 76 52 70 55 46 83 70 91 59 76 4
39 44 51 83 45 33 80 92 21 84 16 55 30 32 55 28
94 32 83 35 27 86 35 55 78 13 12 69 35 45 52 34
25 11 87 24 40 38 12 7 58 98 17 56 86 38 10 40
35 65 16 45 27 36 13 9 77 44 32 46 44 84 13 79
89 84 50 39 61 56 39 47 97 28 40 3 70 61 56 82
85 14 40 53 10 3 20 0 46 63 88 80 81 63 32 86
61 83 17 0 2 88 52 77 85 0 72 58 41 86 16 39
37 19 45 24 89 67 69 95 12 54 39 64 17 62 95 40
54 34 40 23 4 10 77 99 86 29 27 50 57 63 55 51
1 3 3 72 77 66 16 67 5 47 52 63 5 23 39 10
50 37 96 6 34 24 65 42 69 42 94 79 93 94 46 32
98 73 22 21 41 78 78 82 43 47 64 8 22 13 42 66
36 5 7 59 72 37 55 18 0 77 26 28 66 84 52 80
14 40 4 57 4 58 70 8 32 42 29 91 74 21 71 31
90 94 15 26 47 89 37 97 69 28 66 50 18 64 95 52
96 0 95 79 6 41 95 41 61 71 80 46 68 39 65 52
38 38 29 69 30 55 47 31 59 31 65 82 88 51 3 41
95 22 37 15 79 43 41 43 0 72 22 0 68 36 70 62
37 73 22 11 78 39 42 17 14 7 7 70 56 14 44 68
87 87 45 59 44 42 23 67 51 41 88 36 13 71 76 76
4 23 39 48 36 77 26 1 64 81 1 38 0 80 59 21
44 53 42 92 21 78 81 42 3 49 14 46 67 9 45 32
63 75 29 66 70 93 40 14 59 62 45 47 93 13 96 41
43 73 16 28 10 21 97 85 88 86 99 34 61 4 45 21
82 70 77 56 37 76 72 6 63 8 64 3 48 55 61 45
69 3 14 0 34 23 0 50 88 7 70 28 56 49 23 52
42 44 45 9 96 24 26 6 60 87 46 45 78 78 16 67
19 88 71 51 84 82 85 6 55 4 78 88 13 19 39 29
9 70 61 3 36 35 46 36 37 17 97 51 61 15 89 48
7 42 90 79 57 91 65 0 12 70 30 81 60 22 9 72
64 14 74 92 70 48 1 73 64 9 77 84 59 4 41 56
7 56 15 5 28 3 82 44 42 39 55 11 56 14 26 22
50 83 47 59 83 38 20 64 84 77 75 47 21 98 96 73
99 9 14 36 7 93 86 46 25 87 9 44 89 28 87 97
8 29 79 50 67 31 45 44 51 46 84 50 8 70 4 68
9 68 15 45 50 68 97 42 76 52 58 34 54 40 38 92
41 49 38 91 15 63 82 63 68 97 26 31 70 80 16 76
31 16 60 91 40 45 18 26 26 84 94 36 58 87 42 94
95 84 34 42 18 99 27 32 80 46 87 83 62 54 80 18
97 12 27 9 75 89 96 30 7 74 5 46 51 37 67 42
94 24 46 21 36 52 67 13 38 71 91 27 24 32 16 18
31 47 83 99 20 73 58 79 11 88 60 45 84 24 29 97
10 44 93 31 48 91 30 31 75 91 7 11 84 89 69 15
34 43 83 11 98 94 46 94 35 34 80 71 86 83 62 75
17 37 59 46 99 90 28 52 95 54 27 41 34 42 86 40
14 26 48 92 23 90 58 7 83 17 4 71 56 49 2 56
12 71 92 6 25 25 63 55 87 73 19 9 97 88 92 6
85 37 93 16 87 7 95 27 32 80 71 40 84 23 71 34
28 51 38 17 48 76 61 49 90 63 12 38 52 70 54 3
55 61 91 48 27 93 39 52 68 47 38 19 20 26 28 39
87 54 68 69 48 30 49 10 38 8 90 77 68 84 97 47
94 9 33 89 35 34 87 96 53 49 6 55 52 73 52 4
44 50 72 39 93 68 77 13 98 28 62 81 57 0 18 18
25 34 29 73 40 0 15 8 82 90 50 55 66 41 73 12
58 35 85 8 38 19 57 67 25 44 36 47 12 55 39 59
45 92 99 54 31 64 17 12 34 74 10 72 6 9 23 94
40 67 95 17 36 57 33 6 21 74 77 82 30 12 15 74
43 53 70 69 52 46 72 5 19 28 28 69 79 52 39 24
25 10 38 43 82 23 74 34 53 31 47 16 99 90 28 5
46 93 81 10 4 71 12 56 29 44 90 82 67 61 62 4
56 39 38 20 88 75 4 89 14 64 67 93 73 4 3 55
82 23 89 61 22 18 11 49 71 52 40 83 79 60 28 83
50 95 43 12 38 62 59 77 17 78 6 92 41 69 94 38
25 89 54 55 42 66 80 59 27 77 43 2 97 96 66 68
2 18 31 28 43 13 59 38 76 77 90 24 34 87 51 77
74 78 38 58 61 37 7 75 14 22 20 56 34 90 95 96
20 60 27 70 28 22 66 54 89 18 25 85 73 68 34 73
90 66 93 33 40 63 19 63 26 36 54 81 11 49 29 75
71 85 82 87 75 90 89 87 39 35 25 52 82 9 35 70
41 57 9 42 46 43 72 14 32 57 9 71 24 35 95 94
79 55 64 46 76 72 89 57 83 11 12 46 60 11 48 3
95 37 93 82 16 4 9 45 59 56 75 48 23 7 57 80
55 58 74 44 99 11 79 93 78 51 52 48 87 76 92 60
29 17 86 59 13 50 2 33 13 70 27 69 90 65 88 74
31 46 77 53 39 2 35 34 36 19 47 89 34 51 65 36
3 17 53 9 2 88 18 10 30 79 91 16 23 85 9 42
15 76 4 99 98 92 39 68 36 70 78 40 99 45 72 84
45 93 99 84 43 26 95 53 45 0 83 40 79 70 33 28
93 63 26 47 54 12 19 88 8 53 24 32 71 54 68 93
85 84 63 24 16 51 78 56 40 11 73 35 49 6 6 3
25 6 63 69 39 52 51 73 85 6 75 79 28 14 2 4
87 52 73 29 18 22 13 28 4 2 14 40 32 37 85 92
72 19 69 54 31 16 35 75 20 16 7 38 75 18 71 54
80 18 78 38 12 70 90 81 5 46 75 67 18 66 36 14
83 39 67 66 45 8 67 62 42 27 13 82 19 28 96 35
26 98 89 12 77 42 28 79 84 53 74 78 65 37 75 94
75 36 46 1 85 74 68 40 6 42 62 56 30 66 34 81
31 24 68 51 23 88 87 42 27 73 22 65 51 71 25 80
62 65 44 97 46 36 6 20 11 7 98 50 59 7 41 41
58 91 37 88 57 89 17 63 64 89 27 17 13 78 78 86
80 49 98 45 70 11 18 42 95 46 59 78 6 81 39 41
22 3 22 99 66 77 95 28 82 80 85 17 1 65 39 39
37 30 22 7 32 8 71 31 57 38 62 91 24 74 72 73
73 44 50 97 22 10 37 76 4 85 4 99 60 0 17 84
9 90 85 82 38 48 37 37 95 35 24 66 71 59 73 34
13 85 73 25 76 79 72 14 82 69 47 98 31 55 49 53
42 35 8 49 12 40 54 98 25 3 68 27 96 30 54 40
1 23 93 89 54 2 39 80 85 98 53 59 5 41 40 32
83 86 61 55 40 38 92 36 40 91 53 61 87 52 19 61
2 78 13 59 22 13 27 55 37 49 75 19 85 14 28 14
73 70 21 10 64 1 53 40 80 52 13 19 51 39 65 85
86 34 71 86 70 86 29 92 93 32 57 37 56 88 49 64
38 67 84 74 91 35 2 10 21 65 40 93 84 22 15 30
22 70 16 84 88 30 30 12 41 14 12 59 41 53 91 74
23 81 59 96 76 28 4 56 31 94 63 95 52 26 65 87
2 12 80 29 37 21 76 32 42 73 37 94 86 45 1 8
97 40 46 70 32 96 26 19 33 11 41 55 98 70 40 1
12 98 29 24 4 73 39 88 22 81 33 71 30 64 71 76
12 49 99 14 67 9 76 87 4 74 79 46 73 56 1 76
67 22 97 32 13 21 65 13 42 46 29 33 36 0 18 14
44 86 11 61 50 55 53 9 16 13 74 43 68 74 4 6
82 64 55 1 94 13 41 21 79 46 31 12 45 64 23 45
48 62 46 93 25 63 55 68 9 80 25 97 39 4 87 40
37 52 72 6 28 9 7 51 13 94 73 47 79 9 0 52
16 90 73 92 61 66 28 85 35 62 91 67 84 15 65 88
82 95 41 57 19 65 32 97 18 32 56 58 43 68 54 3
48 40 96 83 4 38 43 99 18 14 45 83 4 33 89 62
6 66 2 61 66 13 8 72 31 91 80 74 67 21 64 4
58 34 66 56 47 43 32 76 84 86 28 91 46 81 6 44
88 11 23 36 32 67 86 34 53 38 52 53 61 25 38 2
78 56 39 8 90 43 46 54 3 6 56 72 93 67 64 31
18 87 5 65 95 40 39 23 38 30 78 74 11 68 23 34
57 4 72 33 70 33 22 82 74 34 15 68 70 36 62 63
73 15 97 56 91 27 51 61 61 29 72 76 63 57 7 7
91 11 25 41 18 89 34 61 32 82 24 5 54 70 20 29
28 65 79 7 12 62 17 59 29 39 19 70 61 7 33 73
83 72 8 18 70 39 95 80 53 30 89 39 59 65 61 63
22 64 32 91 12 38 94 25 47 61 7 73 5 7 41 67
37 64 78 15 73 63 76 77 9 2 3 78 19 84 97 85
34 83 89 10 67 21 34 98 10 28 94 21 38 46 8 25
18 31 89 30 89 68 4 52 56 52 98 69 67 72 51 73
81 81 8 41 15 11 59 3 65 91 78 80 15 65 71 69
79 42 18 10 19 19 37 63 61 23 83 41 57 38 10 55
9 2 86 59 0 10 2 55 59 0 96 56 43 16 28 57
67 35 23 75 58 22 55 2 62 32 20 71 64 66 27 23
28 75 94 13 98 59 51 30 53 52 5 85 34 66 5 44
1 74 80 13 48 20 77 16 17 25 24 48 17 22 34 22
64 34 97 14 61 11 79 11 85 49 45 23 9 5 90 40
83 28 21 91 34 53 65 82 7 59 18 59 71 20 75 77
96 4 1 71 46 38 18 2 13 20 46 31 33 60 85 3
61 78 72 52 4 34 10 2 61 50 19 65 88 26 56 22
84 96 57 99 35 58 36 57 74 14 61 84 88 28 97 53
73 50 34 62 61 75 63 92 52 32 66 93 55 80 23 41
11 80 54 89 76 30 80 69 5 29 52 10 11 12 16 57
0 56 16 31 62 13 17 12 49 77 78 66 85 3 3 79
29 30 77 19 82 60 86 60 76 24 4 40 78 30 72 3
15 80 70 2 13 95 1 62 67 44 78 69 45 9 17 28
66 80 62 16 91 6 45 83 29 97 42 1 27 52 23 28
85 23 0 21 21 97 63 77 57 82 34 78 90 58 23 40
78 43 63 40 26 87 48 78 29 91 4 78 26 16 30 9
62 32 39 78 49 18 57 10 74 64 93 74 52 85 15 85
94 67 34 10 28 61 2 80 30 51 76 56 86 95 51 71
75 89 98 6 99 93 44 42 91 83 60 34 93 84 5 34
96 44 60 92 51 57 98 39 41 70 54 15 61 85 41 7
66 78 37 67 13 7 37 69 40 6 58 44 28 31 11 80
94 93 59 31 99 18 61 63 21 28 1 26 19 12 15 95
94 42 15 59 64 17 45 24 97 64 48 5 5 91 82 9
90 19 71 12 2 15 71 20 44 35 64 64 50 77 73 97
11 4 86 89 58 16 7 93 90 84 4 58 99 53 79 44
92 57 48 82 76 57 48 24 95 62 67 97 21 81 88 94
14 87 9 25 1 29 34 28 46 29 67 76 25 78 64 28
56 54 64 77 93 4 30 85 47 66 36 37 77 88 14 52
56 44 32 33 58 86 69 40 78 96 36 41 3 44 24 52
72 1 30 85 37 91 11 46 44 78 41 57 22 83 1 60
23 25 45 37 19 54 57 65 92 73 75 87 21 98 46 44
79 57 43 30 80 51 46 28 59 75 64 13 61 87 61 23
79 21 39 88 2 59 48 3 82 83 44 60 71 77 31 9
45 66 72 53 33 75 1 97 48 74 35 70 40 82 61 4
49 33 61 42 42 2 66 6 44 10 92 9 23 8 81 87
76 41 12 12 20 66 85 71 0 23 80 12 97 80 48 95
15 72 53 43 31 53 20 51 71 37 72 93 49 72 45 67
43 6 62 12 6 62 32 28 88 39 63 79 53 40 29 29
65 11 54 73 43 33 62 37 51 88 99 55 51 50 39 72
12 5 17 14 38 8 98 49 97 14 45 81 84 24 2 70
6 5 62 79 2 17 39 60 98 49 52 44 26 16 22 84
84 20 66 48 41 74 89 9 26 31 93 56 27 12 68 9
9 31 79 72 94 26 41 68 80 13 75 50 92 47 43 73
48 82 85 34 9 57 62 50 7 29 18 75 38 27 88 30
21 16 62 89 31 87 18 55 30 42 95 50 15 91 97 70
75 29 30 22 83 60 85 71 71 16 16 64 0 7 8 52
74 76 59 87 78 68 83 94 87 26 34 76 0 72 8 35
69 50 42 96 2 23 74 41 3 69 61 43 84 85 5 16
94 83 94 60 99 71 43 18 36 22 6 12 94 32 88 56
39 13 90 75 48 42 92 85 66 88 93 98 55 68 60 33
28 73 87 33 20 36 35 51 62 80 27 20 62 50 53 21
39 92 83 88 60 94 32 5 86 51 60 10 23 6 51 52
16 27 12 35 48 51 23 17 54 34 32 45 49 22 54 30
29 49 76 35 26 98 72 53 39 44 3 4 88 17 55 37
62 85 83 22 55 7 27 31 1 33 15 0 0 73 12 94
38 28 1 27 5 88 62 5 77 30 12 15 67 99 77 84
45 15 54 86 28 97 73 96 99 90 29 5 64 83 12 25
6 50 3 41 62 22 10 43 86 53 54 69 5 21 57 10
26 52 97 43 78 57 10 51 99 24 17 38 33 96 40 22
57 57 26 31 14 58 9 88 71 51 56 96 49 54 68 24
26 7 34 96 66 80 87 27 52 60 54 87 68 3 85 31
30 53 40 0 21 49 87 63 62 51 88 76 24 72 91 60
25 0 27 0 81 37 21 71 61 90 99 83 66 67 92 38
38 11 41 22 27 58 21 10 47 56 18 26 41 15 31 26
38 19 16 46 71 71 53 93 96 90 97 32 30 58 37 92
75 64 44 98 22 8 14 81 99 39 45 30 63 90 68 47
55 6 64 11 18 83 26 65 47 54 32 48 48 77 34 97
33 52 45 59 57 81 95 77 68 65 48 68 78 42 71 5
74 5 52 47 16 44 53 29 6 92 16 60 49 2 52 56
55 54 27 80 58 38 12 35 83 82 87 28 99 57 47 61
13 15 61 86 69 99 12 51 87 15 26 91 42 81 26 51
14 10 87 64 24 41 60 83 15 45 18 34 8 48 57 26
54 1 42 65 0 59 71 74 51 54 97 89 33 71 38 49
63 33 21 26 49 84 70 97 49 38 92 85 65 37 66 32
10 5 47 8 31 89 14 37 51 84 79 68 19 99 90 37
8 93 10 7 55 68 53 84 42 88 38 96 28 38 65 49
15 95 23 17 50 92 96 74 88 92 88 95 35 99 62 44
20 77 52 18 73 10 42 39 90 60 7 92 63 74 47 1
72 55 35 30 71 51 31 74 66 32 35 64 17 88 50 7
42 97 87 51 29 78 68 66 73 75 32 81 38 11 82 2
17 85 67 46 2 69 53 52 82 59 72 6 91 88 70 2
88 51 98 36 63 23 49 48 12 29 64 62 89 91 23 26
40 39 79 69 25 75 7 8 80 41 17 3 73 43 80 44
63 27 27 67 70 30 26 39 36 10 29 79 31 15 8 14
71 55 92 63 75 71 95 38 15 70 36 50 89 17 98 18
91 89 94 99 48 53 53 91 26 26 10 36 43 85 38 2
55 40 77 5 39 40 99 48 84 89 78 89 12 10 8 15
33 23 24 1 29 64 23 88 36 2 58 35 55 60 54 7
9 31 91 95 49 46 99 86 47 88 75 75 11 76 92 53
33 83 73 41 8 50 37 93 4 59 56 33 63 23 48 72
54 35 8 25 52 47 46 23 62 58 29 78 50 42 22 95
36 86 84 81 7 47 22 26 6 27 42 44 82 23 25 38
76 45 64 18 27 14 31 64 37 94 82 26 45 57 70 68
70 11 64 23 75 7 26 34 19 50 53 78 5 71 72 1
92 82 56 30 28 3 17 10 90 62 58 78 51 25 45 40
79 94 97 0 2 72 85 89 69 23 10 81 9 61 11 29
36 56 67 15 4 78 36 87 48 35 30 0 61 28 97 22
23 2 4 39 77 9 76 44 71 55 24 28 70 19 44 72
70 35 97 25 13 72 42 62 14 67 67 5 21 58 24 47
1 78 13 31 79 17 23 77 5 86 38 8 99 54 4 89
18 91 1 61 83 1 35 99 93 65 51 71 77 30 53 56
62 47 77 81 8 47 8 64 30 73 56 88 98 21 41 12
29 74 33 21 35 16 30 97 53 61 88 13 72 31 77 5
3 40 64 35 23 0 25 19 79 40 29 34 44 1 39 15
85 51 30 36 81 37 70 35 59 37 79 98 90 5 85 31
55 50 8 24 35 21 17 79 89 97 73 92 77 0 91 13
30 25 77 90 99 39 39 48 87 8 39 38 90 9 60 23
83 99 96 93 0 83 8 32 25 84 6 27 89 98 64 44
28 54 93 15 45 84 58 79 52 34 86 5 19 61 2 98
79 21 66 34 52 96 0 39 43 96 12 83 99 7 24 58
30 4 41 37 40 41 43 73 1 36 22 52 54 86 22 22
23 84 8 18 40 1 65 42 99 37 6 5 66 48 78 99
97 78 90 60 82 91 33 88 48 77 77 29 98 16 14 75
67 85 61 59 61 76 18 96 65 26 23 15 25 15 45 33
71 88 5 4 64 99 89 77 76 26 31 93 22 66 7 83
19 91 35 83 93 98 24 35 20 22 49 22 5 69 56 15
73 60 17 12 35 37 45 73 80 59 90 84 51 53 51 89
