
# cітка
 -1.000000E+00  -9.609375E-01  -9.218750E-01  -8.828125E-01  -8.437500E-01
 -8.046875E-01  -7.656250E-01  -7.265625E-01  -6.875000E-01  -6.484375E-01
 -6.093750E-01  -5.703125E-01  -5.312500E-01  -4.921875E-01  -4.531250E-01
 -4.140625E-01  -3.750000E-01  -3.359375E-01  -2.968750E-01  -2.578125E-01
 -2.187500E-01  -1.796875E-01  -1.406250E-01  -1.015625E-01  -6.250000E-02
 -2.343750E-02   1.562500E-02   5.468750E-02   9.375000E-02   1.328125E-01
  1.718750E-01   2.109375E-01   2.500000E-01   2.890625E-01   3.281250E-01
  3.671875E-01   4.062500E-01   4.453125E-01   4.843750E-01   5.234375E-01
  5.625000E-01   6.015625E-01   6.406250E-01   6.796875E-01   7.187500E-01
  7.578125E-01   7.968750E-01   8.359375E-01   8.750000E-01   9.140625E-01
  9.531250E-01   9.921875E-01   1.031250E+00   1.070312E+00   1.109375E+00
  1.148438E+00   1.187500E+00   1.226562E+00   1.265625E+00   1.304688E+00
  1.343750E+00   1.382812E+00   1.421875E+00   1.460938E+00   1.500000E+00

# значення з похибкою
  5.021597E-06   7.021904E-02   1.284429E-01   1.786482E-01   2.233274E-01
  2.641287E-01   3.021895E-01   3.383230E-01   3.731285E-01   4.070590E-01
  4.404645E-01   4.736198E-01   5.067434E-01   5.400104E-01   5.735609E-01
  6.075058E-01   6.419308E-01   6.768987E-01   7.124506E-01   7.486066E-01
  7.853654E-01   8.227040E-01   8.605766E-01   8.989134E-01   9.376195E-01
  9.765738E-01   1.015628E+00   1.054606E+00   1.093305E+00   1.131492E+00
  1.168913E+00   1.205286E+00   1.240315E+00   1.273686E+00   1.305077E+00
  1.334168E+00   1.360642E+00   1.384201E+00   1.404570E+00   1.421510E+00
  1.434822E+00   1.444356E+00   1.450017E+00   1.451767E+00   1.449627E+00
  1.443677E+00   1.434050E+00   1.420929E+00   1.404541E+00   1.385146E+00
  1.363032E+00   1.338506E+00   1.311881E+00   1.283475E+00   1.253600E+00
  1.222554E+00   1.190624E+00   1.158072E+00   1.125142E+00   1.092054E+00
  1.059001E+00   1.026156E+00   9.936671E-01   9.616590E-01   9.302376E-01

# phi(3, x)
 -1.193254E-01  -5.371637E-02   1.037713E-02   7.295506E-02   1.340174E-01
  1.935642E-01   2.515954E-01   3.081111E-01   3.631112E-01   4.165957E-01
  4.685647E-01   5.190180E-01   5.679559E-01   6.153781E-01   6.612848E-01
  7.056759E-01   7.485514E-01   7.899114E-01   8.297558E-01   8.680847E-01
  9.048979E-01   9.401956E-01   9.739778E-01   1.006244E+00   1.036995E+00
  1.066231E+00   1.093951E+00   1.120155E+00   1.144844E+00   1.168017E+00
  1.189674E+00   1.209816E+00   1.228443E+00   1.245554E+00   1.261149E+00
  1.275229E+00   1.287793E+00   1.298842E+00   1.308375E+00   1.316392E+00
  1.322894E+00   1.327880E+00   1.331351E+00   1.333306E+00   1.333746E+00
  1.332670E+00   1.330078E+00   1.325971E+00   1.320349E+00   1.313210E+00
  1.304557E+00   1.294387E+00   1.282702E+00   1.269502E+00   1.254786E+00
  1.238554E+00   1.220807E+00   1.201544E+00   1.180766E+00   1.158472E+00
  1.134663E+00   1.109338E+00   1.082497E+00   1.054141E+00   1.024269E+00

# phi(4, x)
  4.847406E-02   8.271879E-02   1.179431E-01   1.540664E-01   1.910078E-01
  2.286868E-01   2.670225E-01   3.059343E-01   3.453415E-01   3.851633E-01
  4.253191E-01   4.657281E-01   5.063097E-01   5.469831E-01   5.876676E-01
  6.282825E-01   6.687472E-01   7.089809E-01   7.489028E-01   7.884324E-01
  8.274888E-01   8.659914E-01   9.038595E-01   9.410123E-01   9.773692E-01
  1.012849E+00   1.047372E+00   1.080857E+00   1.113223E+00   1.144390E+00
  1.174276E+00   1.202802E+00   1.229886E+00   1.255447E+00   1.279406E+00
  1.301680E+00   1.322191E+00   1.340856E+00   1.357596E+00   1.372328E+00
  1.384974E+00   1.395452E+00   1.403681E+00   1.409580E+00   1.413070E+00
  1.414068E+00   1.412496E+00   1.408271E+00   1.401313E+00   1.391541E+00
  1.378875E+00   1.363234E+00   1.344538E+00   1.322705E+00   1.297654E+00
  1.269306E+00   1.237580E+00   1.202394E+00   1.163668E+00   1.121321E+00
  1.075273E+00   1.025443E+00   9.717497E-01   9.141132E-01   8.524525E-01

# phi(5, x)
 -8.719512E-03   4.598172E-02   9.866921E-02   1.494865E-01   1.985698E-01
  2.460481E-01   2.920432E-01   3.366696E-01   3.800345E-01   4.222380E-01
  4.633726E-01   5.035240E-01   5.427704E-01   5.811826E-01   6.188246E-01
  6.557526E-01   6.920160E-01   7.276567E-01   7.627094E-01   7.972016E-01
  8.311535E-01   8.645780E-01   8.974808E-01   9.298605E-01   9.617080E-01
  9.930075E-01   1.023736E+00   1.053862E+00   1.083348E+00   1.112149E+00
  1.140214E+00   1.167481E+00   1.193885E+00   1.219351E+00   1.243798E+00
  1.267138E+00   1.289274E+00   1.310103E+00   1.329516E+00   1.347394E+00
  1.363612E+00   1.378039E+00   1.390536E+00   1.400954E+00   1.409142E+00
  1.414937E+00   1.418171E+00   1.418668E+00   1.416246E+00   1.410715E+00
  1.401877E+00   1.389527E+00   1.373454E+00   1.353439E+00   1.329254E+00
  1.300667E+00   1.267436E+00   1.229313E+00   1.186043E+00   1.137364E+00
  1.083005E+00   1.022689E+00   9.561313E-01   8.830410E-01   8.031187E-01

# phi(6, x)
 -3.003378E-02   3.121208E-02   8.924512E-02   1.443565E-01   1.968188E-01
  2.468870E-01   2.947980E-01   3.407717E-01   3.850113E-01   4.277032E-01
  4.690181E-01   5.091108E-01   5.481210E-01   5.861734E-01   6.233782E-01
  6.598316E-01   6.956159E-01   7.308003E-01   7.654411E-01   7.995817E-01
  8.332537E-01   8.664768E-01   8.992594E-01   9.315988E-01   9.634819E-01
  9.948852E-01   1.025775E+00   1.056110E+00   1.085838E+00   1.114897E+00
  1.143221E+00   1.170732E+00   1.197347E+00   1.222975E+00   1.247517E+00
  1.270871E+00   1.292926E+00   1.313567E+00   1.332673E+00   1.350120E+00
  1.365777E+00   1.379512E+00   1.391188E+00   1.400663E+00   1.407795E+00
  1.412439E+00   1.414447E+00   1.413671E+00   1.409959E+00   1.403162E+00
  1.393127E+00   1.379703E+00   1.362739E+00   1.342084E+00   1.317589E+00
  1.289107E+00   1.256491E+00   1.219597E+00   1.178285E+00   1.132417E+00
  1.081859E+00   1.026479E+00   9.661520E-01   9.007560E-01   8.301743E-01
